zeroK_energy = [-3.93620544142513;-3.92655329482979;-3.86875907344790;-3.84125231274378;-3.81996851799192;-3.74309894663482;-3.74220230164551;-3.65365367988149;-3.64663173399637;-3.66061334786897;-3.55810427717210;-3.56760463585945;-3.46939748385926;-3.47490690795972;-3.46989300325324;-3.37966605399830;-3.38102285218644;-3.37661908567219;-3.32805846636704;-3.28683750684156;-3.29406632027363;-3.28245711309243;-3.24622779189007;-3.24232113769654;-3.19854571246265;-3.15514599171692;-3.15896690678075;-3.15199984141060;-3.10703619403515;-3.06294377609416;-3.06852494643268;-3.06518977148748;-2.97545066051854;-2.97812701641137;-2.98260927921371;-2.95362386438283;-2.88855429198006;-2.88270152196874;-2.79723619763071;-2.79732455181973;-2.80083847766091;-2.79008234850904;-2.70682535204688;-2.70691414653917;-2.70919812189440;-2.61646917512246;-2.61876765835387;-2.61665704017959;-2.52411096030439;-2.52619402914197;-2.50296188151099;-2.43193854849531;-2.43575998376930;-2.41939471853724;-2.34521940946719;-2.34530774967833;-2.34833588298383;-2.33264462770367;-2.31424318001083;-2.24914799980806;-2.26062732693352;-2.21446023476434;-2.16991368382042;-2.15631266818637;-2.12874545678480;-2.07402267396512;-2.07413157174509;-2.04132812216759;-1.98545187324513;-1.97847286159118;-1.93931933382782;-1.92502485002614;-1.88733607516797;-1.85748108278732;-1.82493854694453;-1.81946582866198;-1.80051799147357;-1.74006029213495;-1.71110546804769;-1.64776521304225;-1.64566585754600;-1.62683232150306;-1.61868713097229;-1.60544310571446;-1.58094729673301;-1.54706084842153;-1.53435629907612;-1.56873753831773;-1.46810990574416;-1.46614761081804;-1.43543077065609;-1.41589454088355;-1.35424857684855;-1.32998859962984;-1.30275028358831;-1.27595518982010;-1.21991708358190;-1.19370189179670;-1.17566455197366;-1.11245396436710;-1.11300968070903;-1.05697284158594;-1.01999266596110;-0.976291822512821;-0.919778417164310;-0.944592979794144;-0.887762038215724;-0.829255522358517;-0.798620710577689;-0.773717396982278;-0.720207616066822;-0.687223621058001;-0.617337804495166;-0.583420440650238;-0.546256851273914;-0.511516006165975;-0.432656406730427;-0.402328389164023;-0.400678281166651;-0.271308742015354;0.335948718520242;0.461460899358550;0.513586381069925;0.584573934209545;0.550417688247008;0.671816568870017;0.660372081024343;0.761157242091646;0.732819737917708;0.800934961619531;0.850696261027857;0.886180660940479;0.872665681787972;0.978306157523953;0.976821845471090;1.00166389851697;1.03154991087435;1.06651501361876;1.02337549725264;1.04371347210003;1.08681046882582;1.12229935898951;1.14670584666486;1.17918749805907;1.20921470099757;1.21741049029458;1.26914091185194;1.28370811198195;1.27805747448030;1.32743589684350;1.31654020021555;1.36059338932430;1.37165689957456;1.41527228250605;1.41173596817557;1.38912707418790;1.42553188772019;1.50234441187580;1.50313334992228;1.50054081574479;1.49773989173840;1.54132345744430;1.58417460312594;1.58748690676252;1.59535690281590;1.57371766959591;1.63168961224647;1.61623479632652;1.64634689218114;1.63438912625658;1.67291982119823;1.68712351308740;1.72134173203784;1.74074248617334;1.76329041572502;1.77708842155582;1.81530544931281;1.80985384318345;1.79628561781235;1.83241374695213;1.85059961832449;1.85321653327620;1.88450431049182;1.89514428350659;1.90505427952016;1.92827270135683;1.93574511492371;1.93328719092602;1.92360567629585;1.98889283684717;1.98232900305822;1.98950894847250;2.01350186414506;2.04186259604286;2.04582439990433;2.05130633545731;2.07583575236202;2.08944351704143;2.13314622555003;2.16622783962886;2.16614006552192;2.18931113787486;2.22996094434535;2.23154665726681;2.25383550847009;2.22321241967430;2.28001865654624;2.32170131973280;2.34663855458041;2.37089346846072;2.41805403956620;2.40813569477756;2.44225497843948;2.44362456621448;2.46235697519676;2.53333440267224;2.52485882971889;2.54945301719989;2.63173959970419;2.62274979929417;2.63778159402455;2.63414871728534;2.71166996878305;2.71317161594247;2.71876318962992;2.75128214476421;2.80022954542906;2.79866946593716;2.81092002375013;2.82764729165199;2.89118620866579;2.87978277599362;2.88893920349673;2.91810055923259;2.93601693929074;2.97857309457509;2.98682968921890;2.94642606954123;3.02301429311840;3.02713699570182;3.05215316219028;3.04767483023031;3.07704876420902;3.11119461545560;3.08699941071701;3.13607424564803;3.13597373978772;3.15667694619554;3.18724480485465;3.22252411071899;3.20419495590131;3.20175445273446;3.18526307323130;3.23828163673702;3.26810350702858;3.25154268414247;3.28019703197618;3.30104301894915;3.30511640686233;3.30831736358299;3.31723746456817;3.37879649911585;3.36927661874894;3.38630209595690;3.39166875349436;3.39661039762527;3.43926529210327;3.44780980893684;3.46662581363872;3.46603783981741;3.44111633053451;3.44097345212419;3.49716381767844;3.50480325118184;3.52452513148798;3.52873739015387;3.53114983272358;3.56750479641288;3.54747033728459;3.56111749017806;3.59331691246988;3.60798519065309;3.61808230863761;3.58840576421794;3.66131829647533;3.67654152588660;3.68497606152235;3.69625548407993;3.71534744669069;3.74452032557002;3.76416426250914;3.77206303671197;3.80669846832932;3.79847999117220;3.84209106811536;3.85928321676856;3.88895035037121;3.89350133390522;3.94186255528470;3.94918361632820;3.95342220796388;3.94924281265639;3.96597999786519]; % eV
